174
701
812
852
1299
1680
2516
2609
3223
3257
3356
4785
4808
5089
5384
5606
6327
6461
6640
6696
6830
7489
7552
7765
8075
8100
8151
8399
8473
8560
8708
9009
10439
10796
11878
12400
12874
12876
13213
13335
13552
14061
15169
15830
16276
16347
16509
17676
18126
19148
19969
20001
20115
20473
20860
20940
21003
21100
21724
21859
22363
23969
24875
24940
24961
25369
27176
27323
28708
28753
29066
29075
30781
30889
31245
31404
31898
33387
34305
35625
36183
37705
39405
40021
40676
41564
41745
41798
42390
42473
43350
44066
44217
44477
44679
46475
46562
46844
49419
49981
51167
51765
51852
53667
54113
54203
54614
55081
55286
57169
57172
58065
60068
60404
60555
60781
60804
61317
62240
62563
63018
63023
63949
132933
133480
136787
137409
138915
147049
197706
197922
198605
198890
201011
202422
203020
205016
205544
206092
206804
207137
207713
209181
209854
210164
210558
211476
212238
262191
327989
393544
396356
397423
